,Active Humans,Active Bots,Deactivated Humans,Deactivated Bots,Average Human Satisfaction
0,105,41,0,0,99.3047663865033
1,117,66,0,1,98.87410855741687
2,122,84,0,2,98.96257760778663
3,130,107,0,2,98.06467585194295
4,133,129,0,4,97.2530602860569
5,139,147,0,4,96.44413709127006
6,145,177,0,4,95.79743081797407
7,149,188,0,5,94.3142791398074
8,153,210,0,8,92.91909597978659
9,157,223,0,10,91.88528866758583
10,168,236,0,13,90.27060702245568
11,178,262,0,13,89.02624730625593
12,179,281,0,13,87.09139524826949
13,183,299,0,16,86.0420566880355
14,187,311,0,19,85.29954188828268
15,195,329,0,20,85.03954962260467
16,201,349,0,21,83.58969812371645
17,210,371,0,23,83.01391558544151
18,213,386,0,27,80.89225027852356
19,216,401,1,30,79.83055229382572
20,222,424,2,33,79.43100598284668
21,221,448,4,35,78.43626416227383
22,226,463,5,38,77.44821096278065
23,230,479,6,41,76.64901141685942
24,235,495,8,43,76.1448542977588
25,241,509,9,47,75.33242061079021
26,243,533,10,47,73.73260232419969
27,245,559,12,50,72.40481999341145
28,245,566,15,55,71.95986278798061
29,249,585,15,61,70.15310755539711
30,250,602,16,64,68.02973993145645
31,261,610,16,67,67.5985482736047
32,255,624,25,73,68.01181861113301
33,256,633,27,77,67.02355169908185
34,260,640,30,85,66.77659999259514
35,259,655,36,93,66.74508731034304
36,256,674,41,97,65.35816153733401
37,258,685,43,105,63.50815890984021
38,261,708,46,105,62.607180134206104
39,255,720,55,110,62.83586136562845
40,257,729,60,115,62.946391565299706
41,256,745,65,119,61.94587816640024
42,259,756,68,124,61.06076837011152
43,255,770,76,135,60.8092944711452
44,258,778,80,147,60.85528590658794
45,261,795,83,149,59.66496288032188
46,259,812,88,157,58.68034199657883
47,259,826,92,159,57.930219552925784
48,257,836,99,165,58.45544120018539
49,262,853,102,173,58.577399854527265
50,262,870,106,177,57.835960793191575
51,259,880,114,182,58.23905274130843
52,261,896,123,185,59.83273871518064
53,261,914,126,190,58.4688506818837
54,258,928,134,192,58.70707867474079
55,261,944,140,196,59.253832736363634
56,255,955,146,202,57.957720101909615
57,249,969,154,209,57.719899886180784
58,245,981,164,213,58.585222243864216
59,243,993,174,223,59.26229532621587
60,242,1008,180,235,58.5546414605003
61,238,1025,187,241,57.81792409354128
62,239,1041,191,249,57.190051585166295
63,244,1055,194,258,56.518392889487124
64,241,1071,200,259,55.04689126735671
65,242,1083,203,267,54.41397242667263
66,234,1085,216,280,55.159349478798276
67,232,1097,224,284,55.56431815083297
68,231,1115,229,292,54.36291067886168
69,232,1124,233,300,53.29978460464017
70,228,1137,238,309,51.75590462007649
71,231,1155,244,318,52.3388585709497
72,227,1164,252,325,52.20316959867138
73,219,1173,264,336,52.98749594480532
74,212,1186,273,347,53.114569111817964
75,213,1203,279,358,52.674087724840184
76,212,1217,285,369,52.38427205328027
77,214,1230,291,374,52.72337661640215
78,212,1239,298,383,52.75367938349229
79,214,1247,304,392,52.622111253089784
80,208,1259,312,397,52.364287854143754
81,207,1267,321,406,53.320134152370265
82,203,1273,333,420,54.55004686131154
83,203,1283,338,428,53.869316544282476
84,202,1290,344,441,52.686008478718335
85,204,1305,349,452,52.05887051920071
86,200,1324,360,458,52.99656922118424
87,202,1338,364,466,52.220695119764855
88,196,1346,376,482,53.42516456110224
89,189,1351,387,495,53.48853864666772
90,183,1369,396,503,52.6776149403178
91,178,1383,402,510,51.39170724439599
92,178,1386,411,519,51.76072205344808
93,176,1399,417,528,51.109458687207535
94,166,1414,432,541,53.0956469841417
95,158,1432,442,552,53.75683142832268
96,161,1439,443,567,50.531545371114355
97,160,1443,448,588,48.779356610634395
98,159,1452,455,595,48.76341108445931
99,158,1455,462,615,49.6178199849802
100,153,1473,470,623,48.528456902196076
101,148,1480,481,632,50.070883482583504
102,143,1485,488,644,49.16772829160926
103,146,1483,491,663,49.19107196127365
104,140,1496,503,673,50.793273245837646
105,140,1502,508,686,49.82952532450326
106,137,1515,515,694,49.201474333502446
107,138,1518,519,705,46.73628651789125
108,141,1536,526,715,48.59717994467528
109,135,1546,533,726,47.685663021111694
110,129,1550,541,741,46.67567828464726
111,136,1562,543,750,47.12241217475146
112,132,1578,551,755,47.97729764857308
113,137,1589,555,765,48.06016589332001
114,128,1580,566,789,47.52601499228177
115,127,1586,574,799,48.827229198492155
116,127,1587,578,814,48.50731634101085
117,132,1606,581,823,49.22568779039326
118,132,1610,588,838,51.18599923475335
119,131,1616,597,849,53.132417579189735
120,138,1612,600,866,53.538006782699824
121,138,1620,608,869,54.79807940115642
122,140,1626,615,880,54.94568979526931
123,137,1638,623,892,55.20070669595865
124,137,1653,630,900,54.552612622607114
125,142,1662,634,903,54.52933293862356
126,143,1673,638,915,52.91088004340257
127,140,1680,645,925,52.030554197040395
128,140,1690,648,932,49.99030519198102
129,139,1695,652,946,48.92803929545726
130,138,1705,656,958,47.73460596581432
131,132,1710,664,973,46.5861161031352
132,130,1718,670,984,47.00044977035918
133,126,1732,678,996,48.19193449706651
134,130,1743,681,1005,47.941035113364585
135,129,1754,689,1014,49.493469851288694
136,138,1772,694,1026,52.5484570093511
137,135,1784,701,1035,51.78563637549753
138,131,1799,706,1047,49.309387006344245
139,128,1814,711,1055,48.94953792123111
140,123,1822,719,1064,48.68518086799666
141,121,1835,724,1072,48.26143936247165
142,121,1843,727,1081,46.044402549016404
143,116,1858,734,1091,46.53768106721247
144,113,1865,742,1104,48.527196473394746
145,110,1873,746,1122,46.666567108237935
146,111,1878,748,1135,46.08631832030095
147,105,1893,757,1144,47.397715482735954
148,100,1907,764,1153,47.51639598284464
149,100,1911,766,1166,46.0964914889953
150,100,1925,772,1175,47.86731563323143
151,98,1942,778,1184,49.74327087234621
152,102,1950,783,1199,53.121450463808884
153,99,1955,789,1212,53.29032770495505
154,99,1960,793,1231,52.99919876600736
155,100,1970,798,1242,53.9267512194724
156,99,1976,802,1256,52.951276739823875
157,98,1979,805,1270,50.759995931711344
158,94,1992,811,1279,50.85131070314438
159,97,1994,812,1290,49.837291851627036
160,99,1994,817,1309,52.365982976524634
161,100,1991,821,1330,52.00824217709847
162,101,1988,824,1352,49.4155202194793
163,97,1992,832,1370,51.421159218391075
164,100,2001,833,1378,48.83981427185174
165,105,2004,834,1389,47.5235336492816
166,105,2011,840,1405,49.508290402322935
167,108,2014,844,1417,50.36621870491282
168,108,2017,848,1426,49.67661962700893
169,113,2024,852,1433,51.95104919207206
170,111,2042,858,1440,51.01008485332459
171,111,2048,864,1453,50.320786796531046
172,114,2061,866,1463,49.25120928001215
173,116,2058,871,1481,50.466367369707285
174,112,2069,881,1495,52.033305340663546
175,110,2077,888,1507,52.29623726840129
176,107,2091,896,1518,53.66053292926997
177,105,2107,901,1529,52.44578601161622
178,106,2115,904,1542,51.36380514306651
179,106,2126,909,1556,49.807808367574864
180,103,2130,914,1571,47.98675388667632
181,102,2139,919,1581,47.16356210210223
182,99,2144,927,1594,47.34284777633877
183,101,2153,931,1606,47.693685975510355
184,100,2163,937,1614,49.37271955742653
185,96,2172,945,1628,50.30764642065298
186,99,2177,948,1644,50.213736822378536
187,98,2185,955,1656,52.023779075532694
188,101,2183,957,1674,49.60566929885041
189,107,2189,963,1687,53.5879663070711
190,104,2187,968,1701,50.03700877740336
191,100,2185,976,1722,49.4375127012507
192,102,2186,979,1737,48.36673244059829
193,103,2200,983,1752,47.14149219519084
194,105,2212,988,1761,48.021584519248265
195,104,2219,991,1777,46.1441618591931
196,96,2226,1002,1794,47.618375120966554
197,99,2233,1007,1810,50.210994341885005
198,96,2233,1014,1832,50.38025186973829
199,96,2228,1020,1854,49.15959100297544
200,97,2227,1026,1871,48.10950684634706
201,95,2227,1033,1885,48.70452078331001
202,95,2234,1040,1896,51.190052244934215
203,94,2243,1046,1909,50.77762906624206
204,88,2258,1054,1919,49.48444095174941
205,88,2267,1060,1933,50.89780171956465
206,94,2268,1064,1947,51.401821073930655
207,92,2280,1069,1957,49.9857456497317
208,94,2285,1075,1967,52.43822423386571
209,95,2288,1080,1976,52.26261230230661
210,99,2298,1085,1991,54.22141156420849
211,99,2298,1092,2010,54.60454029329922
212,101,2302,1095,2026,51.05027513968983
213,98,2307,1101,2038,48.46550223618469
214,97,2317,1106,2049,47.16393834712209
215,102,2320,1108,2067,47.09716546575154
216,97,2321,1118,2079,49.855488488839796
217,90,2330,1127,2091,50.2701363346857
218,89,2330,1131,2114,49.468460989674995
219,87,2335,1138,2122,50.01366231518389
220,81,2333,1146,2143,49.308945647246844
221,84,2337,1146,2163,46.40565746321467
222,84,2339,1149,2176,43.80914457616732
223,85,2355,1150,2183,39.146449731998665
224,82,2368,1161,2192,44.886787208936134
225,80,2384,1166,2207,44.43849144352343
226,79,2373,1171,2229,44.69885170254078
227,81,2377,1176,2244,48.34812191726184
228,85,2386,1178,2257,47.58449779071258
229,84,2366,1183,2280,46.27302704373183
230,87,2367,1187,2297,49.070747689230636
231,85,2373,1196,2314,52.276727809207394
232,87,2373,1199,2330,50.92382035655999
233,93,2387,1202,2341,53.005937116384096
234,91,2386,1210,2356,54.60288745987156
235,92,2397,1213,2369,50.534564598086384
236,91,2409,1220,2381,51.53160415965875
237,92,2418,1225,2394,51.721499403940015
238,94,2424,1226,2410,46.610153156031046
239,93,2432,1231,2422,45.405809361524376
240,86,2439,1241,2436,46.47818228278861
241,89,2455,1244,2448,46.27169938307706
242,94,2454,1249,2464,49.017306409490416
243,92,2448,1257,2485,51.14248223553194
244,92,2455,1264,2493,53.2535871174764
245,86,2451,1274,2517,53.153614897085305
246,87,2447,1283,2536,56.66332455351608
247,93,2452,1285,2557,54.624107495842864
248,91,2471,1290,2566,52.57512640872358
249,87,2473,1296,2588,51.147618471518584
250,88,2486,1299,2603,50.909395034639665
251,88,2488,1305,2622,53.4106142901343
252,90,2500,1308,2633,51.79339310311814
253,89,2514,1311,2644,48.97148300213827
254,88,2523,1318,2659,52.325510420420144
255,91,2531,1322,2672,52.22986587166744
256,95,2529,1326,2691,54.72700994133077
257,95,2529,1332,2719,54.924498296538054
258,98,2531,1332,2740,50.92771541229872
259,101,2532,1336,2751,49.70179222189694
260,99,2531,1341,2770,47.825794022988056
261,102,2538,1347,2783,50.15548413537925
262,99,2539,1355,2802,49.42498205982645
263,93,2541,1364,2822,49.41087315886301
264,93,2544,1365,2836,45.1750751641726
265,94,2542,1370,2846,45.73843226342998
266,95,2543,1375,2864,45.1217862649559
267,92,2546,1380,2877,42.96037007676285
268,89,2559,1386,2889,41.77970182558606
269,88,2559,1393,2908,43.95481303073257
270,90,2557,1398,2922,46.33715210054597
271,87,2565,1409,2938,51.27082271265344
272,91,2568,1414,2959,51.882223378296025
273,87,2576,1421,2972,49.282695070835146
274,86,2577,1427,2987,50.24068088451466
275,80,2583,1434,3004,47.101812265124146
276,83,2584,1437,3019,45.37725408339604
277,78,2594,1445,3032,46.58165478767285
278,79,2601,1448,3051,45.32131305708046
279,75,2612,1455,3062,44.86219635543522
280,70,2616,1463,3077,45.27207566926399
281,70,2624,1468,3090,47.72689444190266
282,75,2623,1469,3110,47.806823241745676
283,75,2630,1474,3125,48.07102317014594
284,81,2629,1477,3143,51.24140794602351
285,78,2641,1482,3156,50.320337639756936
286,78,2645,1486,3175,49.110121487496784
287,78,2647,1489,3192,45.98669569462974
288,77,2654,1496,3205,47.69394953815743
289,81,2657,1499,3221,49.155414307728606
290,80,2661,1504,3237,48.4447482604481
291,76,2669,1510,3248,48.029952710023245
292,79,2673,1514,3265,48.933650898454395
293,73,2670,1523,3279,49.82712076511209
294,79,2686,1527,3288,53.06407417374048
295,80,2692,1533,3303,54.78698243333931
296,80,2694,1535,3320,47.60570591086754
297,81,2701,1540,3336,48.27509739202416
298,81,2694,1545,3352,47.0797817284733
299,82,2692,1550,3369,49.13654210815917
300,76,2709,1557,3384,47.82556646086837
301,68,2714,1567,3401,48.80674524458522
302,67,2716,1573,3417,50.0579634527385
303,64,2702,1580,3444,51.88903505744492
304,68,2705,1583,3461,53.78310620159926
305,76,2707,1589,3474,61.82908027281593
306,77,2702,1593,3495,60.27238304464791
307,74,2701,1599,3512,60.12180941961822
308,76,2713,1602,3524,57.760516706459335
309,76,2712,1607,3542,57.54634553829898
310,79,2717,1609,3551,55.79011808576818
311,82,2718,1612,3567,54.856407320287026
312,79,2730,1619,3582,55.100331050285305
313,83,2718,1622,3608,53.02861765827044
314,85,2725,1625,3619,49.685134121306405
315,86,2735,1628,3637,47.35184724644178
316,84,2742,1637,3647,48.61720186442625
317,81,2741,1644,3664,47.38660018987231
318,77,2752,1652,3678,49.238967020105974
319,78,2757,1656,3693,49.922397943184215
320,80,2763,1659,3708,50.041752227652175
321,83,2773,1663,3720,51.289631348235524
322,83,2781,1667,3736,48.1082131065473
323,83,2786,1673,3760,48.733255840095936
324,82,2793,1679,3778,49.31274311302476
325,77,2803,1689,3797,53.21535066732211
326,79,2810,1692,3812,52.8182749839214
327,76,2814,1696,3826,50.68024848602395
328,77,2819,1699,3845,48.96802934330589
329,74,2823,1703,3867,46.02947280513105
330,74,2815,1708,3891,46.42936011598103
331,79,2817,1711,3906,48.782438915825274
332,82,2812,1712,3925,45.77767301621793
333,77,2821,1720,3943,44.816230654608695
334,72,2811,1727,3970,44.053889823664925
335,74,2817,1730,3986,44.01282811731752
336,70,2824,1736,4004,44.74123439702826
337,68,2825,1741,4018,44.87865091941757
338,72,2828,1747,4041,51.09593342155133
339,76,2837,1749,4050,51.84869449137092
340,76,2846,1750,4069,45.38511582468118
341,78,2848,1757,4084,49.762695323179656
342,79,2859,1760,4102,48.80535688216314
343,80,2860,1764,4121,47.50563814382776
344,75,2864,1770,4138,45.91271385138919
345,75,2868,1774,4152,45.99616049446993
346,73,2866,1780,4167,47.46640572006019
347,79,2857,1783,4192,50.15109780273829
348,78,2855,1787,4207,46.643189231994015
349,78,2870,1792,4220,43.45377918823171
350,74,2879,1800,4234,44.61488710142974
351,72,2877,1809,4253,47.84935198960858
352,71,2878,1816,4269,49.94717246192742
353,68,2896,1824,4280,50.65780321497319
354,68,2902,1829,4294,52.768999315431714
355,71,2903,1832,4315,50.88185579809829
356,70,2912,1838,4331,51.95183717919777
357,67,2922,1844,4344,50.68590971404818
358,66,2927,1851,4360,51.66049152801596
359,65,2922,1856,4380,52.43174751282756
360,66,2927,1860,4396,53.86667555123175
361,70,2930,1862,4410,52.11207547793535
362,68,2930,1867,4430,50.91675557283182
363,72,2923,1870,4451,52.73575783343973
364,71,2920,1877,4475,51.99007593129826
